0.000000e+00	3.448378e-04
3.000000e-04	3.450187e-04
6.000000e-04	3.451997e-04
9.000000e-04	3.453806e-04
1.200000e-03	3.455606e-04
1.700000e-03	3.458615e-04
2.200000e-03	3.461614e-04
2.700000e-03	3.464614e-04
3.200000e-03	3.467623e-04
3.700000e-03	3.470632e-04
4.200000e-03	3.473651e-04
4.700000e-03	3.476681e-04
5.200000e-03	3.479710e-04
5.700000e-03	3.482749e-04
6.200000e-03	3.485798e-04
6.700000e-03	3.488857e-04
7.200000e-03	3.491917e-04
7.700000e-03	3.494986e-04
8.200000e-03	3.498065e-04
8.700000e-03	3.501154e-04
9.200000e-03	3.504244e-04
9.700000e-03	3.507353e-04
1.000000e-02	3.509212e-04
1.100000e-02	3.515451e-04
1.200000e-02	3.521719e-04
1.300000e-02	3.528017e-04
1.400000e-02	3.534346e-04
1.500000e-02	3.540704e-04
1.600000e-02	3.547103e-04
1.700000e-02	3.553521e-04
1.800000e-02	3.559979e-04
1.900000e-02	3.566468e-04
2.000000e-02	3.572986e-04
2.100000e-02	3.579534e-04
2.200000e-02	3.586153e-04
2.300000e-02	3.592821e-04
2.400000e-02	3.599529e-04
2.500000e-02	3.606277e-04
2.600000e-02	3.613076e-04
2.700000e-02	3.619904e-04
2.800000e-02	3.626782e-04
2.900000e-02	3.633690e-04
3.000000e-02	3.640629e-04
3.100000e-02	3.647597e-04
3.200000e-02	3.654615e-04
3.300000e-02	3.661663e-04
3.400000e-02	3.668751e-04
3.500000e-02	3.675880e-04
3.600000e-02	3.683018e-04
3.700000e-02	3.690186e-04
3.800000e-02	3.697374e-04
3.900000e-02	3.704602e-04
4.000000e-02	3.711860e-04
4.100000e-02	3.719149e-04
4.200000e-02	3.726457e-04
4.300000e-02	3.733775e-04
4.400000e-02	3.741103e-04
4.500000e-02	3.748461e-04
4.600000e-02	3.755839e-04
4.700000e-02	3.763237e-04
4.800000e-02	3.770655e-04
4.900000e-02	3.778103e-04
5.000000e-02	3.785532e-04
5.100000e-02	3.792990e-04
5.200000e-02	3.800448e-04
5.300000e-02	3.807936e-04
5.400000e-02	3.815424e-04
5.500000e-02	3.822932e-04
5.600000e-02	3.830460e-04
5.700000e-02	3.837978e-04
5.800000e-02	3.845506e-04
5.900000e-02	3.853044e-04
6.000000e-02	3.860592e-04
6.100000e-02	3.868140e-04
6.200000e-02	3.875708e-04
6.300000e-02	3.883287e-04
6.400000e-02	3.890845e-04
6.500000e-02	3.898413e-04
6.600000e-02	3.905981e-04
6.700000e-02	3.913559e-04
6.800000e-02	3.921137e-04
6.900000e-02	3.928725e-04
7.000000e-02	3.936313e-04
7.100000e-02	3.943891e-04
7.200000e-02	3.951479e-04
7.300000e-02	3.959057e-04
7.400000e-02	3.966645e-04
7.500000e-02	3.974223e-04
7.600000e-02	3.981811e-04
7.700000e-02	3.989399e-04
7.800000e-02	3.996967e-04
7.900000e-02	4.004546e-04
8.000000e-02	4.012114e-04
8.100000e-02	4.019682e-04
8.200000e-02	4.027250e-04
8.300000e-02	4.034818e-04
8.400000e-02	4.042376e-04
8.500000e-02	4.049934e-04
8.600000e-02	4.057472e-04
8.700000e-02	4.065020e-04
8.800000e-02	4.072558e-04
8.900000e-02	4.080086e-04
9.000000e-02	4.087614e-04
9.100000e-02	4.095142e-04
9.200000e-02	4.102650e-04
9.300000e-02	4.110159e-04
9.400000e-02	4.117667e-04
9.500000e-02	4.125155e-04
9.600000e-02	4.132643e-04
9.700000e-02	4.140131e-04
9.800000e-02	4.147609e-04
9.900000e-02	4.155067e-04
1.000000e-01	4.162525e-04
1.070000e-01	4.214472e-04
1.140000e-01	4.265969e-04
1.210000e-01	4.316956e-04
1.280000e-01	4.367393e-04
1.350000e-01	4.417250e-04
1.420000e-01	4.466507e-04
1.490000e-01	4.515135e-04
1.560000e-01	4.563103e-04
1.630000e-01	4.610411e-04
1.700000e-01	4.657039e-04
1.770000e-01	4.702977e-04
1.840000e-01	4.748215e-04
1.910000e-01	4.792754e-04
1.980000e-01	4.836583e-04
2.050000e-01	4.879692e-04
2.120000e-01	4.922081e-04
2.190000e-01	4.963750e-04
2.260000e-01	5.004690e-04
2.330000e-01	5.044919e-04
2.400000e-01	5.084419e-04
2.470000e-01	5.123189e-04
2.540000e-01	5.161240e-04
2.610000e-01	5.198560e-04
2.680000e-01	5.235171e-04
2.750000e-01	5.271062e-04
2.820000e-01	5.306233e-04
2.890000e-01	5.340704e-04
2.960000e-01	5.374455e-04
3.030000e-01	5.407497e-04
3.100000e-01	5.439838e-04
3.170000e-01	5.471490e-04
3.240000e-01	5.502452e-04
3.310000e-01	5.532715e-04
3.380000e-01	5.562297e-04
3.450000e-01	5.591200e-04
3.520000e-01	5.619442e-04
3.590000e-01	5.647005e-04
3.660000e-01	5.673908e-04
3.730000e-01	5.700162e-04
3.800000e-01	5.725755e-04
3.870000e-01	5.750709e-04
3.940000e-01	5.775023e-04
4.010000e-01	5.798717e-04
4.080000e-01	5.821771e-04
4.150000e-01	5.844215e-04
4.220000e-01	5.866039e-04
4.290000e-01	5.887264e-04
4.360000e-01	5.907889e-04
4.430000e-01	5.927913e-04
4.500000e-01	5.947359e-04
4.570000e-01	5.966234e-04
4.640000e-01	5.984529e-04
4.710000e-01	6.002274e-04
4.780000e-01	6.019450e-04
4.850000e-01	6.036096e-04
4.920000e-01	6.052192e-04
4.990000e-01	6.067748e-04
5.060000e-01	6.082784e-04
5.130000e-01	6.097300e-04
5.200000e-01	6.111307e-04
5.270000e-01	6.124793e-04
5.340000e-01	6.137780e-04
5.410000e-01	6.150267e-04
5.480000e-01	6.162244e-04
5.550000e-01	6.173731e-04
5.620000e-01	6.184748e-04
5.690000e-01	6.195275e-04
5.760000e-01	6.205343e-04
5.830000e-01	6.214920e-04
5.900000e-01	6.224058e-04
5.970000e-01	6.232736e-04
6.040000e-01	6.240973e-04
6.110000e-01	6.248761e-04
6.180000e-01	6.256120e-04
6.250000e-01	6.263048e-04
6.320000e-01	6.269556e-04
6.390000e-01	6.275635e-04
6.460000e-01	6.281303e-04
6.530000e-01	6.286562e-04
6.600000e-01	6.291430e-04
6.670000e-01	6.295899e-04
6.740000e-01	6.299958e-04
6.810000e-01	6.303657e-04
6.880000e-01	6.306967e-04
6.950000e-01	6.309896e-04
7.020000e-01	6.312445e-04
7.090000e-01	6.314645e-04
7.160000e-01	6.316474e-04
7.230000e-01	6.317954e-04
7.300000e-01	6.319063e-04
7.370000e-01	6.319843e-04
7.440000e-01	6.320273e-04
7.510000e-01	6.320353e-04
7.580000e-01	6.320103e-04
7.650000e-01	6.319523e-04
7.720000e-01	6.318614e-04
7.790000e-01	6.317374e-04
7.860000e-01	6.315814e-04
7.930000e-01	6.313945e-04
8.000000e-01	6.311755e-04
8.070000e-01	6.309246e-04
8.140000e-01	6.306447e-04
8.210000e-01	6.303327e-04
8.280000e-01	6.299908e-04
8.350000e-01	6.296189e-04
8.420000e-01	6.292170e-04
8.490000e-01	6.287861e-04
8.560000e-01	6.283263e-04
8.630000e-01	6.278364e-04
8.700000e-01	6.273185e-04
8.770000e-01	6.267717e-04
8.840000e-01	6.261958e-04
8.910000e-01	6.255920e-04
8.980000e-01	6.249601e-04
9.050000e-01	6.243003e-04
9.120000e-01	6.236125e-04
9.190000e-01	6.228966e-04
9.260000e-01	6.221528e-04
9.330000e-01	6.213810e-04
9.400000e-01	6.205832e-04
9.470000e-01	6.197565e-04
9.540000e-01	6.189037e-04
9.610000e-01	6.180229e-04
9.680000e-01	6.171151e-04
9.750000e-01	6.161794e-04
9.820000e-01	6.152166e-04
9.890000e-01	6.142269e-04
9.960000e-01	6.132111e-04
1.003000e+00	6.121664e-04
1.010000e+00	6.110937e-04
1.017000e+00	6.099949e-04
1.024000e+00	6.088682e-04
1.031000e+00	6.077135e-04
1.038000e+00	6.065318e-04
1.045000e+00	6.053221e-04
1.052000e+00	6.040855e-04
1.059000e+00	6.028208e-04
1.066000e+00	6.015261e-04
1.073000e+00	6.002045e-04
1.080000e+00	5.988548e-04
1.087000e+00	5.974772e-04
1.094000e+00	5.960695e-04
1.101000e+00	5.946349e-04
1.108000e+00	5.931693e-04
1.115000e+00	5.916756e-04
1.122000e+00	5.901530e-04
1.129000e+00	5.885994e-04
1.136000e+00	5.870168e-04
1.143000e+00	5.854042e-04
1.150000e+00	5.837617e-04
1.157000e+00	5.820891e-04
1.164000e+00	5.803845e-04
1.171000e+00	5.786500e-04
1.178000e+00	5.768834e-04
1.185000e+00	5.750859e-04
1.192000e+00	5.732573e-04
1.199000e+00	5.713958e-04
1.206000e+00	5.695033e-04
1.213000e+00	5.675768e-04
1.220000e+00	5.656183e-04
1.227000e+00	5.636258e-04
1.234000e+00	5.616013e-04
1.241000e+00	5.595429e-04
1.248000e+00	5.574504e-04
1.255000e+00	5.553239e-04
1.262000e+00	5.531625e-04
1.269000e+00	5.509660e-04
1.276000e+00	5.487346e-04
1.283000e+00	5.464682e-04
1.290000e+00	5.441648e-04
1.297000e+00	5.418274e-04
1.304000e+00	5.394520e-04
1.311000e+00	5.370406e-04
1.318000e+00	5.345932e-04
1.325000e+00	5.321079e-04
1.332000e+00	5.295845e-04
1.339000e+00	5.270242e-04
1.346000e+00	5.244248e-04
1.353000e+00	5.217895e-04
1.360000e+00	5.191132e-04
1.367000e+00	5.163989e-04
1.374000e+00	5.136456e-04
1.381000e+00	5.108523e-04
1.388000e+00	5.080200e-04
1.395000e+00	5.051478e-04
1.402000e+00	5.022355e-04
1.409000e+00	4.992823e-04
1.416000e+00	4.962880e-04
1.423000e+00	4.932548e-04
1.430000e+00	4.901796e-04
1.437000e+00	4.870624e-04
1.444000e+00	4.839042e-04
1.451000e+00	4.807050e-04
1.458000e+00	4.774649e-04
1.465000e+00	4.741827e-04
1.472000e+00	4.708565e-04
1.479000e+00	4.674894e-04
1.486000e+00	4.640803e-04
1.493000e+00	4.606292e-04
1.500000e+00	4.571351e-04
1.507000e+00	4.535990e-04
1.514000e+00	4.500209e-04
1.521000e+00	4.463988e-04
1.528000e+00	4.427357e-04
1.535000e+00	4.390287e-04
1.542000e+00	4.352796e-04
1.549000e+00	4.314886e-04
1.556000e+00	4.276546e-04
1.563000e+00	4.237786e-04
1.570000e+00	4.198606e-04
1.577000e+00	4.159006e-04
1.584000e+00	4.118986e-04
1.591000e+00	4.078547e-04
1.598000e+00	4.037687e-04
1.605000e+00	3.996438e-04
1.612000e+00	3.954758e-04
1.619000e+00	3.912669e-04
1.626000e+00	3.870180e-04
1.633000e+00	3.827291e-04
1.640000e+00	3.784002e-04
1.647000e+00	3.740323e-04
1.654000e+00	3.696254e-04
1.661000e+00	3.651806e-04
1.668000e+00	3.606967e-04
1.675000e+00	3.561759e-04
1.682000e+00	3.516180e-04
1.689000e+00	3.470232e-04
1.696000e+00	3.423934e-04
1.703000e+00	3.377286e-04
1.710000e+00	3.330308e-04
1.717000e+00	3.282970e-04
1.724000e+00	3.235312e-04
1.731000e+00	3.187345e-04
1.738000e+00	3.139047e-04
1.745000e+00	3.090449e-04
1.752000e+00	3.041562e-04
1.759000e+00	2.992394e-04
1.766000e+00	2.942947e-04
1.773000e+00	2.893240e-04
1.780000e+00	2.843273e-04
1.787000e+00	2.793065e-04
1.794000e+00	2.742638e-04
1.801000e+00	2.691981e-04
1.808000e+00	2.641134e-04
1.815000e+00	2.590077e-04
1.822000e+00	2.538850e-04
1.829000e+00	2.487474e-04
1.836000e+00	2.435937e-04
1.843000e+00	2.384270e-04
1.850000e+00	2.332483e-04
1.857000e+00	2.280607e-04
1.864000e+00	2.228640e-04
1.871000e+00	2.176603e-04
1.878000e+00	2.124516e-04
1.885000e+00	2.072420e-04
1.892000e+00	2.020303e-04
1.899000e+00	1.968186e-04
1.906000e+00	1.916110e-04
1.913000e+00	1.864083e-04
1.920000e+00	1.812126e-04
1.927000e+00	1.760270e-04
1.934000e+00	1.708533e-04
1.941000e+00	1.656926e-04
1.948000e+00	1.605499e-04
1.955000e+00	1.554262e-04
1.962000e+00	1.503235e-04
1.969000e+00	1.452468e-04
1.976000e+00	1.401961e-04
1.983000e+00	1.351744e-04
1.990000e+00	1.301857e-04
1.997000e+00	1.252340e-04
2.004000e+00	1.203192e-04
2.011000e+00	1.154465e-04
2.018000e+00	1.106197e-04
2.025000e+00	1.058399e-04
2.032000e+00	1.011111e-04
2.039000e+00	9.643813e-05
2.046000e+00	9.182271e-05
2.053000e+00	8.726907e-05
2.060000e+00	8.278072e-05
2.067000e+00	7.836155e-05
2.074000e+00	7.401517e-05
2.081000e+00	6.974546e-05
2.088000e+00	6.555643e-05
2.095000e+00	6.145208e-05
2.102000e+00	5.743671e-05
2.109000e+00	5.351441e-05
2.116000e+00	4.968959e-05
2.123000e+00	4.596664e-05
2.130000e+00	4.234997e-05
2.137000e+00	3.884426e-05
2.144000e+00	3.545433e-05
2.151000e+00	3.218467e-05
2.158000e+00	2.904047e-05
2.165000e+00	2.602664e-05
2.172000e+00	2.314818e-05
2.179000e+00	2.041038e-05
2.186000e+00	1.781844e-05
2.193000e+00	1.537787e-05
2.200000e+00	1.309415e-05
2.207000e+00	1.097279e-05
2.214000e+00	9.019653e-06
2.221000e+00	7.240458e-06
2.228000e+00	5.641177e-06
2.235000e+00	4.227848e-06
2.242000e+00	3.006631e-06
2.249000e+00	1.983792e-06
2.256000e+00	1.165712e-06
2.263000e+00	5.589040e-07
2.270000e+00	1.699665e-07
2.277000e+00	5.426732e-09
2.278500e+00	0.000000e+00
