   7.794   8.642447149
  44.511  0.175897416
  53.625  0.093577426
   54.04   0.281928379
  62.711   0.012453537
  6.2918    0.11644
 47.5998    5.01515
 60.3668   0.022304
 69.0378   0.005084
 71.0998  0.0011808
 71.3745    0.02511
 71.5738 0.00016564
101.6748    6.75955
110.3458     1.6821
112.4078   0.390621
112.8818  0.0497154
125.4495   0.020925
134.1205 0.00517545
136.1825 0.00120435
136.6565 0.00015531
143.0162    0.57255
184.3242 0.01807285
197.0912   0.097854
205.7622   0.022902
207.8242  0.0053091
208.2982 0.00078075
238.3992 0.00748875
247.0702 0.001819267
249.1322 0.000425361
249.6062 5.67148E-05
255.9659 0.00631754
310.0409   0.001093
318.7119 0.000253576
320.7739 5.98964E-05
321.2479 8.9626E-06
