0	0.000552387	0.00000205966
0.3	0.000554911	0.00000206078
0.6	0.000556854	0.0000020619
0.9	0.000558215	0.00000206302
1.2	0.00055908	0.00000206413
1.7	0.000559739	0.00000206599
2.2	0.000560229	0.00000206785
2.7	0.000560604	0.00000206971
3.2	0.000560925	0.00000207156
3.7	0.00056124	0.00000207341
4.2	0.000561539	0.00000207526
4.7	0.000561829	0.00000207711
5.2	0.000562109	0.00000207896
5.7	0.00056238	0.00000208081
6.2	0.000562646	0.00000208265
6.7	0.000562909	0.0000020845
7.2	0.000563167	0.00000208634
7.7	0.00056342	0.00000208818
8.2	0.00056367	0.00000209002
8.7	0.000563915	0.00000209185
9.2	0.000564158	0.00000209369
9.7	0.000564398	0.00000209552
10	0.000564541	0.00000209662
11	0.00056501	0.00000210028
12	0.00056547	0.00000210394
13	0.000565924	0.00000210759
14	0.000566373	0.00000211123
15	0.000566816	0.00000211486
16	0.000567254	0.00000211849
17	0.000567689	0.00000212211
18	0.00056812	0.00000212573
19	0.000568548	0.00000212934
20	0.000568973	0.00000213294
21	0.000569395	0.00000213654
22	0.000569814	0.00000214013
23	0.000570231	0.00000214371
24	0.000570646	0.00000214729
25	0.000571059	0.00000215086
26	0.00057147	0.00000215442
27	0.000571879	0.00000215798
28	0.000572286	0.00000216153
29	0.000572692	0.00000216508
30	0.000573096	0.00000216862
31	0.000573499	0.00000217215
32	0.0005739	0.00000217568
33	0.0005743	0.0000021792
34	0.000574698	0.00000218271
35	0.000575095	0.00000218622
36	0.000575491	0.00000218972
37	0.000575886	0.00000219322
38	0.00057628	0.00000219671
39	0.000576672	0.00000220019
40	0.000577064	0.00000220367
41	0.000577454	0.00000220714
42	0.000577844	0.00000221061
43	0.000578232	0.00000221407
44	0.000578621	0.00000221752
45	0.000579008	0.00000222097
46	0.000579395	0.00000222441
47	0.000579781	0.00000222785
48	0.000580166	0.00000223128
49	0.000580551	0.00000223471
50	0.000580935	0.00000223813
51	0.000581319	0.00000224155
52	0.000581703	0.00000224496
53	0.000582086	0.00000224836
54	0.000582469	0.00000225176
55	0.000582852	0.00000225516
56	0.000583234	0.00000225855
57	0.000583616	0.00000226193
58	0.000583998	0.00000226531
59	0.00058438	0.00000226868
60	0.000584762	0.00000227205
61	0.000585144	0.00000227541
62	0.000585525	0.00000227877
63	0.000585907	0.00000228212
64	0.000586289	0.00000228547
65	0.00058667	0.00000228881
66	0.000587052	0.00000229215
67	0.000587434	0.00000229548
68	0.000587817	0.00000229881
69	0.0005882	0.00000230213
70	0.000588583	0.00000230545
71	0.000588966	0.00000230876
72	0.00058935	0.00000231207
73	0.000589734	0.00000231537
74	0.000590118	0.00000231866
75	0.000590503	0.00000232196
76	0.000590889	0.00000232524
77	0.000591275	0.00000232852
78	0.000591661	0.0000023318
79	0.000592048	0.00000233507
80	0.000592436	0.00000233834
81	0.000592824	0.0000023416
82	0.000593213	0.00000234485
83	0.000593603	0.0000023481
84	0.000593993	0.00000235135
85	0.000594385	0.00000235459
86	0.000594777	0.00000235783
87	0.00059517	0.00000236106
88	0.000595564	0.00000236429
89	0.000595959	0.00000236751
90	0.000596355	0.00000237072
91	0.000596752	0.00000237393
92	0.00059715	0.00000237714
93	0.000597549	0.00000238034
94	0.00059795	0.00000238354
95	0.000598351	0.00000238673
96	0.000598753	0.00000238992
97	0.000599157	0.0000023931
98	0.000599562	0.00000239628
99	0.000599968	0.00000239945
100	0.000600375	0.00000240262
107	0.000603248	0.00000242464
114	0.000606164	0.00000244642
121	0.000609133	0.00000246795
128	0.000612165	0.00000248922
135	0.000615268	0.00000251024
142	0.000618453	0.000002531
149	0.000621728	0.0000025515
156	0.000625105	0.00000257173
163	0.000628591	0.0000025917
170	0.00063217	0.00000261139
177	0.000635805	0.0000026308
184	0.000639437	0.00000264994
191	0.000643005	0.0000026688
198	0.00064651	0.00000268738
205	0.000649949	0.00000270567
212	0.000653324	0.00000272367
219	0.000656635	0.00000274139
226	0.000659884	0.00000275881
233	0.000663071	0.00000277593
240	0.0006662	0.00000279277
247	0.000669269	0.00000280931
254	0.000672281	0.00000282555
261	0.000675235	0.00000284149
268	0.000678134	0.00000285712
275	0.00068098	0.00000287246
282	0.000683772	0.00000288749
289	0.000686513	0.00000290222
296	0.000689204	0.00000291664
303	0.000691843	0.00000293076
310	0.000694428	0.00000294457
317	0.000696959	0.00000295807
324	0.000699434	0.00000297127
331	0.000701851	0.00000298416
338	0.00070421	0.00000299674
345	0.000706515	0.00000300901
352	0.000708767	0.00000302097
359	0.000710961	0.00000303263
366	0.000713083	0.00000304397
373	0.000715127	0.00000305501
380	0.000717097	0.00000306573
387	0.000718992	0.00000307616
394	0.000720812	0.00000308626
401	0.000722557	0.00000309606
408	0.00072423	0.00000310556
415	0.000725828	0.00000311474
422	0.000727353	0.00000312362
429	0.000728804	0.00000313219
436	0.000730183	0.00000314046
443	0.00073149	0.00000314841
450	0.000732725	0.00000315606
457	0.000733887	0.00000316341
464	0.000734978	0.00000317045
471	0.000736	0.00000317719
478	0.000736951	0.00000318362
485	0.000737832	0.00000318975
492	0.000738645	0.00000319558
499	0.000739389	0.00000320111
506	0.000740066	0.00000320633
513	0.000740676	0.00000321126
520	0.00074122	0.00000321589
527	0.000741697	0.00000322022
534	0.000742108	0.00000322425
541	0.000742457	0.00000322799
548	0.000742741	0.00000323143
555	0.00074296	0.00000323458
562	0.000743118	0.00000323743
569	0.000743213	0.00000323998
576	0.000743248	0.00000324225
583	0.000743222	0.00000324423
590	0.000743136	0.00000324592
597	0.00074299	0.00000324731
604	0.000742787	0.00000324842
611	0.000742525	0.00000324924
618	0.000742208	0.00000324978
625	0.000741832	0.00000325003
632	0.000741403	0.00000325001
639	0.000740918	0.00000324969
646	0.000740379	0.00000324909
653	0.000739787	0.00000324822
660	0.00073914	0.00000324706
667	0.000738432	0.00000324563
674	0.00073766	0.00000324392
681	0.000736824	0.00000324194
688	0.000735921	0.00000323967
695	0.000734956	0.00000323714
702	0.000733927	0.00000323433
709	0.000732834	0.00000323125
716	0.000731679	0.0000032279
723	0.000730462	0.00000322428
730	0.000729183	0.0000032204
737	0.000727843	0.00000321625
744	0.000726442	0.00000321183
751	0.00072498	0.00000320715
758	0.000723459	0.00000320221
765	0.000721876	0.000003197
772	0.000720236	0.00000319154
779	0.000718536	0.00000318581
786	0.000716778	0.00000317983
793	0.000714962	0.00000317359
800	0.000713089	0.00000316709
807	0.000711158	0.00000316034
814	0.000709171	0.00000315334
821	0.000707128	0.00000314609
828	0.000705029	0.00000313858
835	0.000702874	0.00000313083
842	0.000700665	0.00000312283
849	0.0006984	0.00000311458
856	0.000696081	0.00000310609
863	0.000693708	0.00000309735
870	0.000691283	0.00000308837
877	0.000688805	0.00000307915
884	0.000686274	0.00000306969
891	0.000683692	0.00000305999
898	0.000681057	0.00000305006
905	0.000678372	0.00000303988
912	0.000675638	0.00000302948
919	0.000672853	0.00000301884
926	0.000670018	0.00000300797
933	0.000667136	0.00000299687
940	0.000664204	0.00000298554
947	0.000661224	0.00000297398
954	0.000658198	0.0000029622
961	0.000655125	0.00000295019
968	0.000652006	0.00000293796
975	0.000648841	0.00000292551
982	0.000645631	0.00000291284
989	0.000642375	0.00000289994
996	0.000639077	0.00000288684
1003	0.000635734	0.00000287351
1010	0.000632349	0.00000285997
1017	0.00062892	0.00000284622
1024	0.000625451	0.00000283226
1031	0.00062194	0.00000281809
1038	0.000618388	0.00000280371
1045	0.000614789	0.00000278912
1052	0.000611146	0.00000277433
1059	0.000607459	0.00000275934
1066	0.000603727	0.00000274415
1073	0.000599951	0.00000272875
1080	0.000596132	0.00000271316
1087	0.00059227	0.00000269737
1094	0.000588367	0.00000268139
1101	0.000584422	0.00000266521
1108	0.000580434	0.00000264884
1115	0.000576407	0.00000263229
1122	0.000572339	0.00000261554
1129	0.000568232	0.00000259862
1136	0.000564085	0.0000025815
1143	0.000559901	0.00000256421
1150	0.000555677	0.00000254673
1157	0.000551417	0.00000252908
1164	0.000547118	0.00000251125
1171	0.000542784	0.00000249324
1178	0.000538414	0.00000247506
1185	0.00053401	0.00000245672
1192	0.00052957	0.0000024382
1199	0.000525097	0.00000241953
1206	0.000520589	0.00000240068
1213	0.00051605	0.00000238168
1220	0.000511478	0.00000236251
1227	0.000506874	0.00000234319
1234	0.00050224	0.00000232371
1241	0.000497575	0.00000230408
1248	0.000492881	0.0000022843
1255	0.000488159	0.00000226438
1262	0.000483408	0.0000022443
1269	0.000478629	0.00000222409
1276	0.000473824	0.00000220373
1283	0.000468992	0.00000218324
1290	0.000464134	0.0000021626
1297	0.000459253	0.00000214184
1304	0.000454348	0.00000212095
1311	0.000449418	0.00000209992
1318	0.000444467	0.00000207877
1325	0.000439495	0.00000205751
1332	0.000434501	0.00000203612
1339	0.000429487	0.00000201461
1346	0.000424454	0.000001993
1353	0.000419402	0.00000197126
1360	0.000414334	0.00000194943
1367	0.000409248	0.00000192749
1374	0.000404146	0.00000190545
1381	0.000399028	0.0000018833
1388	0.000393898	0.00000186107
1395	0.000388753	0.00000183874
1402	0.000383596	0.00000181632
1409	0.000378428	0.00000179382
1416	0.000373249	0.00000177124
1423	0.000368061	0.00000174858
1430	0.000362864	0.00000172584
1437	0.000357659	0.00000170303
1444	0.000352447	0.00000168016
1451	0.000347231	0.00000165722
1458	0.000342009	0.00000163422
1465	0.000336784	0.00000161116
1472	0.000331557	0.00000158806
1479	0.000326327	0.0000015649
1486	0.000321099	0.0000015417
1493	0.000315868	0.00000151846
1500	0.000310633	0.00000149519
1507	0.000305396	0.00000147188
1514	0.000300156	0.00000144855
1521	0.000294915	0.00000142519
1528	0.000289676	0.00000140181
1535	0.000284437	0.00000137842
1542	0.000279201	0.00000135502
1549	0.000273968	0.00000133162
1556	0.00026874	0.00000130821
1563	0.000263518	0.00000128481
1570	0.000258303	0.00000126142
1577	0.000253097	0.00000123805
1584	0.000247901	0.00000121469
1591	0.000242715	0.00000119136
1598	0.000237541	0.00000116806
1605	0.000232382	0.0000011448
1612	0.000227237	0.00000112157
1619	0.000222108	0.00000109839
1626	0.000216998	0.00000107527
1633	0.000211905	0.0000010522
1640	0.000206834	0.00000102919
1647	0.000201784	0.00000100626
1654	0.000196758	0.000000983399
1661	0.000191757	0.00000096062
1668	0.000186781	0.000000937923
1675	0.000181833	0.000000915321
1682	0.000176916	0.000000892821
1689	0.000172029	0.000000870427
1696	0.000167174	0.000000848141
1703	0.000162354	0.000000825976
1710	0.00015757	0.000000803937
1717	0.000152823	0.000000782025
1724	0.000148116	0.000000760254
1731	0.00014345	0.000000738633
1738	0.000138826	0.000000717158
1745	0.000134247	0.000000695844
1752	0.000129714	0.000000674699
1759	0.00012523	0.000000653724
1766	0.000120795	0.000000632928
1773	0.000116412	0.000000612322
1780	0.000112084	0.000000591915
1787	0.000107812	0.000000571708
1794	0.000103597	0.000000551712
1801	0.0000994417	0.000000531934
1808	0.0000953484	0.000000512381
1815	0.0000913192	0.000000493062
1822	0.000087356	0.000000473985
1829	0.000083461	0.000000455157
1836	0.0000796363	0.000000436585
1843	0.000075884	0.000000418279
1850	0.0000722067	0.000000400246
1857	0.0000686062	0.000000382494
1864	0.000065085	0.000000365031
1871	0.0000616454	0.000000347865
1878	0.0000582898	0.000000331005
1885	0.0000550205	0.000000314457
1892	0.0000518399	0.000000298231
1899	0.0000487506	0.000000282335
1906	0.000045755	0.000000266775
1913	0.0000428555	0.000000251562
1920	0.0000400548	0.000000236701
1927	0.0000373555	0.000000222202
1934	0.0000347602	0.000000208074
1941	0.0000322714	0.000000194322
1948	0.000029892	0.000000180957
1955	0.0000276248	0.000000167987
1962	0.0000254723	0.000000155421
1969	0.0000234308	0.000000143269
1976	0.0000214657	0.000000131542
1983	0.000019573	0.000000120249
1990	0.0000177546	0.000000109403
1997	0.0000160124	0.0000000990144
2004	0.0000143484	0.000000089095
2011	0.0000127644	0.0000000796553
2018	0.0000112626	0.0000000707079
2025	0.00000984468	0.0000000622631
2032	0.00000851292	0.0000000543329
2039	0.00000726931	0.0000000469284
2046	0.00000611591	0.0000000400604
2053	0.00000505485	0.000000033739
2060	0.00000408828	0.0000000279736
2067	0.00000321836	0.0000000227715
2074	0.00000244728	0.000000018137
2081	0.00000177727	0.0000000140692
2088	0.00000121059	0.0000000105583
2095	0.000000749514	0.00000000757911
2102	0.000000396366	0.00000000508155
2109	0.000000153485	0.00000000297786
2116	0.0000000232305	0.0000000011282
2120.42	0	0
