8.86E+00	6.82E+00
2.89E+01	7.31E-02
3.69E+01	2.18E-01
5.00E+01	1.35E-01
7.08E+01	9.90E-03
8.12E+01	5.02E+00
1.42E+02	5.68E+00
1.45E+02	4.37E-05
1.52E+02	1.44E+00
1.54E+02	3.47E-01
1.55E+02	5.17E-02
1.98E+02	2.11E-06
2.06E+02	2.77E-05
2.15E+02	6.96E-06
2.18E+02	1.67E-06
2.18E+02	2.54E-07
2.38E+02	1.08E-03
2.49E+02	8.38E-04
2.59E+02	3.38E-07
2.69E+02	7.73E-08
2.71E+02	1.89E-08
2.72E+02	3.26E-09
2.76E+02	1.36E-04
2.99E+02	1.72E-04
3.09E+02	3.94E-05
3.10E+02	3.20E-04
3.11E+02	9.61E-06
3.12E+02	6.87E-06
3.12E+02	1.66E-06
3.20E+02	7.88E-05
3.22E+02	1.90E-05
3.23E+02	2.97E-06
3.37E+02	4.76E-05
3.47E+02	1.17E-05
3.49E+02	2.82E-06
3.50E+02	4.43E-07
3.51E+02	6.37E-07
3.72E+02	1.42E-06
3.74E+02	6.58E-06
3.79E+02	1.77E-03
3.82E+02	3.38E-07
3.85E+02	8.18E-08
3.85E+02	1.35E-08
4.04E+02	2.08E-02
4.12E+02	1.10E-07
4.18E+02	1.03E-05
4.22E+02	2.57E-08
4.24E+02	6.18E-09
4.25E+02	1.05E-09
4.35E+02	1.00E-06
4.40E+02	4.83E-04
4.41E+02	9.89E-05
4.45E+02	2.28E-07
4.47E+02	5.53E-08
4.48E+02	9.39E-09
4.50E+02	1.17E-04
4.53E+02	2.82E-05
4.53E+02	4.53E-06
4.64E+02	4.05E-06
4.65E+02	5.38E-03
4.75E+02	1.29E-03
4.77E+02	3.13E-04
4.78E+02	5.06E-05
4.79E+02	2.64E-06
4.84E+02	4.85E-06
4.89E+02	6.35E-07
4.91E+02	1.54E-07
4.92E+02	2.48E-08
5.02E+02	2.33E-05
5.12E+02	5.59E-06
5.14E+02	1.35E-06
5.15E+02	2.20E-07
5.25E+02	6.35E-07
5.35E+02	1.45E-07
5.37E+02	3.55E-08
5.38E+02	6.14E-09
5.45E+02	7.26E-07
5.50E+02	1.05E-05
5.55E+02	1.65E-07
5.57E+02	4.00E-08
5.58E+02	6.82E-09
5.59E+02	1.40E-02
5.61E+02	1.68E-03
5.79E+02	2.49E-05
5.94E+02	1.41E-05
5.99E+02	4.18E-04
5.99E+02	1.54E-05
6.11E+02	1.57E-06
6.20E+02	3.00E-03
6.21E+02	3.55E-07
6.22E+02	3.56E-04
6.23E+02	8.63E-08
6.24E+02	1.47E-08
6.30E+02	7.10E-04
6.32E+02	8.42E-05
6.32E+02	1.72E-04
6.33E+02	2.84E-05
6.34E+02	2.04E-05
6.35E+02	3.37E-06
6.40E+02	3.88E-06
6.50E+02	8.87E-07
6.52E+02	2.17E-07
6.52E+02	3.74E-08
6.54E+02	2.20E-06
6.60E+02	6.17E-05
6.60E+02	2.39E-06
6.64E+02	5.02E-07
6.67E+02	1.23E-07
6.67E+02	2.12E-08
6.69E+02	1.40E-05
6.70E+02	5.47E-07
6.72E+02	3.40E-06
6.72E+02	1.33E-07
6.72E+02	5.82E-07
6.73E+02	2.31E-08
6.90E+02	6.00E-08
7.07E+02	1.07E-06
7.51E+02	2.26E-04
7.51E+02	1.16E-08
7.53E+02	3.12E-05
7.56E+02	1.03E-03
7.61E+02	2.73E-09
7.63E+02	6.63E-10
7.64E+02	1.10E-10
7.68E+02	1.56E-07
7.71E+02	4.18E-05
7.78E+02	3.54E-08
7.80E+02	8.61E-09
7.81E+02	1.48E-09
8.11E+02	3.76E-05
8.14E+02	5.83E-06
8.16E+02	1.51E-04
8.21E+02	8.65E-06
8.24E+02	2.09E-06
8.24E+02	1.36E-06
8.24E+02	3.57E-07
8.26E+02	3.31E-07
8.26E+02	3.41E-05
8.27E+02	5.53E-08
8.29E+02	8.26E-06
8.29E+02	1.42E-06
8.32E+02	7.76E-06
8.42E+02	1.81E-06
8.44E+02	4.40E-07
8.45E+02	7.36E-08
8.57E+02	2.77E-03
8.66E+02	1.80E-06
9.05E+02	4.60E-06
9.10E+02	8.45E-06
9.18E+02	4.93E-04
9.26E+02	1.10E-06
9.27E+02	2.83E-07
9.28E+02	1.15E-04
9.31E+02	2.78E-05
9.31E+02	4.69E-06
9.37E+02	6.51E-08
9.39E+02	1.58E-08
9.39E+02	2.72E-09
9.44E+02	1.32E-04
9.66E+02	8.06E-07
9.71E+02	1.44E-06
9.76E+02	1.87E-07
9.78E+02	7.43E-07
9.79E+02	4.53E-08
9.79E+02	7.66E-09
9.81E+02	3.33E-07
9.83E+02	8.13E-08
9.84E+02	1.40E-08
9.86E+02	1.90E-07
9.96E+02	4.41E-08
9.97E+02	2.52E-06
9.99E+02	1.07E-08
9.99E+02	1.81E-09
1.00E+03	2.05E-05
1.01E+03	4.67E-06
1.02E+03	1.14E-06
1.02E+03	1.97E-07
1.02E+03	2.79E-06
1.04E+03	1.14E-07
1.05E+03	2.60E-08
1.05E+03	6.35E-09
1.05E+03	1.10E-09
1.06E+03	4.29E-07
1.06E+03	2.91E-04
1.07E+03	9.90E-08
1.07E+03	2.41E-08
1.07E+03	4.08E-09
1.08E+03	8.79E-05
1.08E+03	1.07E-04
1.08E+03	4.31E-07
1.09E+03	9.80E-08
1.10E+03	2.38E-08
1.10E+03	4.14E-09
1.10E+03	1.08E-04
1.12E+03	4.25E-05
1.12E+03	4.86E-05
1.13E+03	1.12E-05
1.13E+03	2.72E-06
1.13E+03	4.62E-07
1.14E+03	1.70E-05
1.14E+03	1.37E-05
1.14E+03	1.64E-05
1.15E+03	3.21E-06
1.15E+03	3.74E-06
1.15E+03	7.61E-07
1.15E+03	1.32E-07
1.15E+03	9.12E-07
1.15E+03	1.58E-07
1.16E+03	1.68E-05
1.17E+03	3.82E-06
1.17E+03	9.26E-07
1.17E+03	1.62E-07
1.18E+03	1.96E-08
1.18E+03	7.01E-06
1.19E+03	1.61E-06
1.19E+03	3.92E-07
1.19E+03	6.68E-08
1.20E+03	2.63E-06
1.21E+03	6.00E-07
1.21E+03	1.48E-07
1.21E+03	2.54E-08
1.23E+03	2.92E-05
1.23E+03	1.05E-05
1.23E+03	1.31E-05
1.23E+03	3.38E-04
1.24E+03	3.20E-09
1.25E+03	7.34E-10
1.25E+03	3.37E-05
1.25E+03	1.78E-10
1.25E+03	3.04E-11
1.26E+03	7.58E-06
1.26E+03	6.90E-06
1.29E+03	4.45E-06
1.29E+03	1.70E-06
1.29E+03	1.87E-06
1.30E+03	5.17E-05
1.30E+03	1.01E-06
1.30E+03	2.47E-07
1.30E+03	3.90E-07
1.30E+03	4.28E-08
1.30E+03	9.50E-08
1.30E+03	4.23E-07
1.30E+03	1.62E-08
1.30E+03	1.18E-05
1.31E+03	1.03E-07
1.31E+03	2.87E-06
1.31E+03	1.78E-08
1.31E+03	4.98E-07
1.31E+03	5.42E-06
1.32E+03	1.22E-06
1.32E+03	1.04E-06
1.32E+03	1.24E-06
1.32E+03	3.03E-07
1.32E+03	5.16E-08
1.33E+03	2.79E-07
1.33E+03	6.78E-08
1.33E+03	2.39E-07
1.33E+03	1.16E-08
1.33E+03	5.84E-08
1.33E+03	1.01E-08
1.38E+03	4.00E-05
1.39E+03	7.65E-06
1.41E+03	5.38E-07
1.44E+03	6.30E-06
1.45E+03	1.24E-06
1.45E+03	1.44E-06
1.46E+03	3.51E-07
1.46E+03	6.00E-08
1.46E+03	2.84E-07
1.46E+03	6.96E-08
1.46E+03	1.20E-08
1.47E+03	8.46E-08
1.48E+03	4.82E-06
1.48E+03	1.94E-08
1.49E+03	4.72E-09
1.49E+03	8.06E-10
1.50E+03	1.96E-06
1.54E+03	7.51E-07
1.54E+03	1.72E-04
1.55E+03	1.72E-07
1.55E+03	4.19E-08
1.55E+03	7.18E-09
1.56E+03	2.99E-07
1.57E+03	6.81E-08
1.57E+03	1.67E-08
1.57E+03	2.88E-09
1.58E+03	8.23E-06
1.60E+03	1.71E-05
1.60E+03	2.68E-05
1.61E+03	6.11E-06
1.61E+03	1.49E-06
1.61E+03	2.55E-07
1.61E+03	6.80E-07
1.64E+03	1.22E-06
1.65E+03	2.80E-07
1.65E+03	6.81E-08
1.65E+03	1.18E-08
1.66E+03	2.64E-06
1.67E+03	6.02E-07
1.67E+03	1.47E-07
1.67E+03	2.52E-08
1.68E+03	1.03E-07
1.68E+03	2.35E-08
1.69E+03	5.75E-09
1.69E+03	9.93E-10
1.71E+03	4.62E-05
1.73E+03	8.58E-05
1.73E+03	1.25E-06
1.74E+03	9.07E-07
1.77E+03	9.63E-08
1.77E+03	6.98E-06
1.78E+03	1.59E-06
1.79E+03	3.87E-07
1.79E+03	6.73E-08
1.79E+03	1.29E-05
1.79E+03	1.06E-05
1.79E+03	9.60E-07
1.79E+03	1.91E-07
1.80E+03	1.37E-07
1.80E+03	2.94E-06
1.80E+03	7.17E-07
1.80E+03	1.25E-07
1.80E+03	4.35E-08
1.81E+03	1.06E-08
1.81E+03	3.12E-08
1.81E+03	1.82E-09
1.81E+03	7.60E-09
1.81E+03	1.32E-09
1.83E+03	1.47E-08
1.84E+03	3.33E-09
1.84E+03	8.11E-10
1.84E+03	1.40E-10
1.85E+03	1.60E-06
1.85E+03	1.45E-07
1.86E+03	3.65E-07
1.86E+03	8.91E-08
1.86E+03	3.30E-08
1.86E+03	1.54E-08
1.87E+03	8.06E-09
1.87E+03	2.33E-06
1.87E+03	1.40E-09
1.88E+03	1.83E-05
1.93E+03	3.53E-07
1.94E+03	8.02E-08
1.94E+03	1.95E-08
1.94E+03	3.36E-09
1.94E+03	2.76E-06
1.95E+03	6.28E-07
1.96E+03	1.53E-07
1.96E+03	2.63E-08

