0.000000e+00	1.783752e-07
3.000000e-04	1.781712e-07
6.000000e-04	1.781969e-07
9.000000e-04	1.784523e-07
1.200000e-03	1.787109e-07
1.700000e-03	1.790289e-07
2.200000e-03	1.791831e-07
2.700000e-03	1.791735e-07
3.200000e-03	1.790434e-07
3.700000e-03	1.788659e-07
4.200000e-03	1.786338e-07
4.700000e-03	1.783904e-07
5.200000e-03	1.781254e-07
5.700000e-03	1.778548e-07
6.200000e-03	1.775745e-07
6.700000e-03	1.772902e-07
7.200000e-03	1.770010e-07
7.700000e-03	1.767095e-07
8.200000e-03	1.764156e-07
8.700000e-03	1.761192e-07
9.200000e-03	1.758212e-07
9.700000e-03	1.755209e-07
1.000000e-02	1.753394e-07
1.100000e-02	1.747330e-07
1.200000e-02	1.741218e-07
1.300000e-02	1.735058e-07
1.400000e-02	1.728858e-07
1.500000e-02	1.722642e-07
1.600000e-02	1.716385e-07
1.700000e-02	1.710121e-07
1.800000e-02	1.703832e-07
1.900000e-02	1.697544e-07
2.000000e-02	1.691231e-07
2.100000e-02	1.684927e-07
2.200000e-02	1.678614e-07
2.300000e-02	1.672294e-07
2.400000e-02	1.665981e-07
2.500000e-02	1.659668e-07
2.600000e-02	1.653372e-07
2.700000e-02	1.647067e-07
2.800000e-02	1.640779e-07
2.900000e-02	1.634490e-07
3.000000e-02	1.628210e-07
3.100000e-02	1.621937e-07
3.200000e-02	1.615673e-07
3.300000e-02	1.609424e-07
3.400000e-02	1.603176e-07
3.500000e-02	1.596944e-07
3.600000e-02	1.590720e-07
3.700000e-02	1.584503e-07
3.800000e-02	1.578295e-07
3.900000e-02	1.572095e-07
4.000000e-02	1.565911e-07
4.100000e-02	1.559735e-07
4.200000e-02	1.553567e-07
4.300000e-02	1.547407e-07
4.400000e-02	1.541255e-07
4.500000e-02	1.535111e-07
4.600000e-02	1.528983e-07
4.700000e-02	1.522855e-07
4.800000e-02	1.516751e-07
4.900000e-02	1.510639e-07
5.000000e-02	1.504552e-07
5.100000e-02	1.498464e-07
5.200000e-02	1.492392e-07
5.300000e-02	1.486329e-07
5.400000e-02	1.480265e-07
5.500000e-02	1.474218e-07
5.600000e-02	1.468186e-07
5.700000e-02	1.462155e-07
5.800000e-02	1.456139e-07
5.900000e-02	1.450132e-07
6.000000e-02	1.444124e-07
6.100000e-02	1.438141e-07
6.200000e-02	1.432158e-07
6.300000e-02	1.426190e-07
6.400000e-02	1.420231e-07
6.500000e-02	1.414280e-07
6.600000e-02	1.408337e-07
6.700000e-02	1.402418e-07
6.800000e-02	1.396499e-07
6.900000e-02	1.390596e-07
7.000000e-02	1.384693e-07
7.100000e-02	1.378814e-07
7.200000e-02	1.372935e-07
7.300000e-02	1.367080e-07
7.400000e-02	1.361233e-07
7.500000e-02	1.355394e-07
7.600000e-02	1.349580e-07
7.700000e-02	1.343765e-07
7.800000e-02	1.337967e-07
7.900000e-02	1.332192e-07
8.000000e-02	1.326426e-07
8.100000e-02	1.320659e-07
8.200000e-02	1.314933e-07
8.300000e-02	1.309206e-07
8.400000e-02	1.303488e-07
8.500000e-02	1.297794e-07
8.600000e-02	1.292116e-07
8.700000e-02	1.286454e-07
8.800000e-02	1.280808e-07
8.900000e-02	1.275186e-07
9.000000e-02	1.269572e-07
9.100000e-02	1.263974e-07
9.200000e-02	1.258400e-07
9.300000e-02	1.252843e-07
9.400000e-02	1.247309e-07
9.500000e-02	1.241784e-07
9.600000e-02	1.236282e-07
9.700000e-02	1.230805e-07
9.800000e-02	1.225344e-07
9.900000e-02	1.219914e-07
1.000000e-01	1.214493e-07
1.010000e-01	1.209104e-07
1.020000e-01	1.203723e-07
1.030000e-01	1.198374e-07
1.040000e-01	1.193050e-07
1.050000e-01	1.187741e-07
1.060000e-01	1.182473e-07
1.070000e-01	1.177212e-07
1.080000e-01	1.171984e-07
1.090000e-01	1.166779e-07
1.100000e-01	1.161607e-07
1.110000e-01	1.156459e-07
1.120000e-01	1.151327e-07
1.130000e-01	1.146235e-07
1.140000e-01	1.141168e-07
1.150000e-01	1.136124e-07
1.160000e-01	1.131120e-07
1.170000e-01	1.126133e-07
1.180000e-01	1.121186e-07
1.190000e-01	1.116230e-07
1.200000e-01	1.111267e-07
1.210000e-01	1.106288e-07
1.220000e-01	1.101300e-07
1.230000e-01	1.096297e-07
1.240000e-01	1.091285e-07
1.250000e-01	1.086258e-07
1.260000e-01	1.081222e-07
1.270000e-01	1.076178e-07
1.280000e-01	1.071110e-07
1.290000e-01	1.066035e-07
1.300000e-01	1.060951e-07
1.310000e-01	1.055859e-07
1.320000e-01	1.050751e-07
1.330000e-01	1.045635e-07
1.340000e-01	1.040503e-07
1.350000e-01	1.035363e-07
1.360000e-01	1.030215e-07
1.370000e-01	1.025051e-07
1.380000e-01	1.019879e-07
1.390000e-01	1.014699e-07
1.400000e-01	1.009502e-07
1.410000e-01	1.004306e-07
1.420000e-01	9.990938e-08
1.430000e-01	9.938735e-08
1.440000e-01	9.886371e-08
1.450000e-01	9.834007e-08
1.460000e-01	9.781482e-08
1.470000e-01	9.728877e-08
1.480000e-01	9.676272e-08
1.490000e-01	9.623506e-08
1.500000e-01	9.570660e-08
1.510000e-01	9.517734e-08
1.520000e-01	9.464727e-08
1.530000e-01	9.411640e-08
1.540000e-01	9.358473e-08
1.550000e-01	9.305226e-08
1.560000e-01	9.251898e-08
1.570000e-01	9.198570e-08
1.580000e-01	9.145082e-08
1.590000e-01	9.091593e-08
1.600000e-01	9.037944e-08
1.610000e-01	8.984295e-08
1.620000e-01	8.930646e-08
1.630000e-01	8.876836e-08
1.640000e-01	8.823026e-08
1.650000e-01	8.769136e-08
1.660000e-01	8.715166e-08
1.670000e-01	8.661196e-08
1.680000e-01	8.607145e-08
1.690000e-01	8.553014e-08
1.700000e-01	8.498883e-08
1.710000e-01	8.444672e-08
1.720000e-01	8.390461e-08
1.730000e-01	8.336169e-08
1.740000e-01	8.281877e-08
1.750000e-01	8.227505e-08
1.760000e-01	8.173134e-08
1.770000e-01	8.118762e-08
1.780000e-01	8.064309e-08
1.790000e-01	8.009817e-08
1.800000e-01	7.955317e-08
1.810000e-01	7.900800e-08
1.820000e-01	7.846252e-08
1.830000e-01	7.791695e-08
1.840000e-01	7.737114e-08
1.850000e-01	7.682517e-08
1.860000e-01	7.627913e-08
1.870000e-01	7.573308e-08
1.880000e-01	7.518671e-08
1.890000e-01	7.464050e-08
1.900000e-01	7.409413e-08
1.910000e-01	7.354784e-08
1.920000e-01	7.300155e-08
1.930000e-01	7.245534e-08
1.940000e-01	7.190913e-08
1.950000e-01	7.136293e-08
1.960000e-01	7.081696e-08
1.970000e-01	7.027115e-08
1.980000e-01	6.972542e-08
1.990000e-01	6.917986e-08
2.000000e-01	6.863461e-08
2.010000e-01	6.808953e-08
2.020000e-01	6.754469e-08
2.030000e-01	6.700016e-08
2.040000e-01	6.645596e-08
2.050000e-01	6.591208e-08
2.060000e-01	6.536860e-08
2.070000e-01	6.482545e-08
2.080000e-01	6.428269e-08
2.090000e-01	6.374050e-08
2.100000e-01	6.319871e-08
2.110000e-01	6.265740e-08
2.120000e-01	6.211665e-08
2.130000e-01	6.157638e-08
2.140000e-01	6.103676e-08
2.150000e-01	6.049770e-08
2.160000e-01	5.995928e-08
2.170000e-01	5.942151e-08
2.180000e-01	5.888437e-08
2.190000e-01	5.834804e-08
2.200000e-01	5.781235e-08
2.210000e-01	5.727755e-08
2.220000e-01	5.674347e-08
2.230000e-01	5.621027e-08
2.240000e-01	5.567788e-08
2.250000e-01	5.514636e-08
2.260000e-01	5.461582e-08
2.270000e-01	5.408615e-08
2.280000e-01	5.355753e-08
2.290000e-01	5.302980e-08
2.300000e-01	5.250318e-08
2.310000e-01	5.197761e-08
2.320000e-01	5.145309e-08
2.330000e-01	5.092969e-08
2.340000e-01	5.040758e-08
2.350000e-01	4.988650e-08
2.360000e-01	4.936664e-08
2.370000e-01	4.884814e-08
2.380000e-01	4.833076e-08
2.390000e-01	4.781483e-08
2.400000e-01	4.730010e-08
2.410000e-01	4.678682e-08
2.420000e-01	4.627491e-08
2.430000e-01	4.576444e-08
2.440000e-01	4.525550e-08
2.450000e-01	4.474792e-08
2.460000e-01	4.424195e-08
2.470000e-01	4.373750e-08
2.480000e-01	4.323474e-08
2.490000e-01	4.273359e-08
2.500000e-01	4.223404e-08
2.510000e-01	4.173626e-08
2.520000e-01	4.124009e-08
2.530000e-01	4.074576e-08
2.540000e-01	4.025320e-08
2.550000e-01	3.976249e-08
2.560000e-01	3.927370e-08
2.570000e-01	3.878669e-08
2.580000e-01	3.830176e-08
2.590000e-01	3.781867e-08
2.600000e-01	3.733768e-08
2.610000e-01	3.685869e-08
2.620000e-01	3.638171e-08
2.630000e-01	3.590690e-08
2.640000e-01	3.543418e-08
2.650000e-01	3.496379e-08
2.660000e-01	3.449548e-08
2.670000e-01	3.402950e-08
2.680000e-01	3.356578e-08
2.690000e-01	3.310438e-08
2.700000e-01	3.264547e-08
2.710000e-01	3.218881e-08
2.720000e-01	3.173464e-08
2.730000e-01	3.128296e-08
2.740000e-01	3.083385e-08
2.750000e-01	3.038723e-08
2.760000e-01	2.994318e-08
2.770000e-01	2.950186e-08
2.780000e-01	2.906303e-08
2.790000e-01	2.862709e-08
2.800000e-01	2.819380e-08
2.810000e-01	2.776340e-08
2.820000e-01	2.733582e-08
2.830000e-01	2.691104e-08
2.840000e-01	2.648916e-08
2.850000e-01	2.607024e-08
2.860000e-01	2.565438e-08
2.870000e-01	2.524149e-08
2.880000e-01	2.483166e-08
2.890000e-01	2.442495e-08
2.900000e-01	2.402146e-08
2.910000e-01	2.362118e-08
2.920000e-01	2.322411e-08
2.930000e-01	2.283026e-08
2.940000e-01	2.243970e-08
2.950000e-01	2.205267e-08
2.960000e-01	2.166893e-08
2.970000e-01	2.128865e-08
2.980000e-01	2.091190e-08
2.990000e-01	2.053869e-08
3.000000e-01	2.016909e-08
3.010000e-01	1.980302e-08
3.020000e-01	1.944073e-08
3.030000e-01	1.908205e-08
3.040000e-01	1.872723e-08
3.050000e-01	1.837618e-08
3.060000e-01	1.802890e-08
3.070000e-01	1.768557e-08
3.080000e-01	1.734624e-08
3.090000e-01	1.701086e-08
3.100000e-01	1.667949e-08
3.110000e-01	1.635229e-08
3.120000e-01	1.602911e-08
3.130000e-01	1.571011e-08
3.140000e-01	1.539528e-08
3.150000e-01	1.508479e-08
3.160000e-01	1.477872e-08
3.170000e-01	1.447690e-08
3.180000e-01	1.417950e-08
3.190000e-01	1.388652e-08
3.200000e-01	1.359812e-08
3.210000e-01	1.331421e-08
3.220000e-01	1.303496e-08
3.230000e-01	1.276037e-08
3.240000e-01	1.249052e-08
3.250000e-01	1.222533e-08
3.260000e-01	1.196503e-08
3.270000e-01	1.170956e-08
3.280000e-01	1.145898e-08
3.290000e-01	1.121330e-08
3.300000e-01	1.097268e-08
3.310000e-01	1.073713e-08
3.320000e-01	1.050671e-08
3.330000e-01	1.028143e-08
3.340000e-01	1.006129e-08
3.350000e-01	9.846535e-09
3.360000e-01	9.636999e-09
3.370000e-01	9.432923e-09
3.380000e-01	9.234229e-09
3.390000e-01	9.040996e-09
3.400000e-01	8.853385e-09
3.410000e-01	8.671235e-09
3.420000e-01	8.494787e-09
3.430000e-01	8.324042e-09
3.440000e-01	8.158998e-09
3.450000e-01	7.999818e-09
3.460000e-01	7.846460e-09
3.470000e-01	7.699014e-09
3.480000e-01	7.557534e-09
3.490000e-01	7.422070e-09
3.500000e-01	7.292670e-09
3.510000e-01	7.168924e-09
3.520000e-01	7.046487e-09
3.530000e-01	6.924347e-09
3.540000e-01	6.802504e-09
3.550000e-01	6.680990e-09
3.560000e-01	6.559806e-09
3.570000e-01	6.438991e-09
3.580000e-01	6.318546e-09
3.590000e-01	6.198494e-09
3.600000e-01	6.078859e-09
3.610000e-01	5.959659e-09
3.620000e-01	5.840908e-09
3.630000e-01	5.722631e-09
3.640000e-01	5.604852e-09
3.650000e-01	5.487579e-09
3.660000e-01	5.370844e-09
3.670000e-01	5.254655e-09
3.680000e-01	5.139045e-09
3.690000e-01	5.024036e-09
3.700000e-01	4.909639e-09
3.710000e-01	4.795883e-09
3.720000e-01	4.682778e-09
3.730000e-01	4.570364e-09
3.740000e-01	4.458657e-09
3.750000e-01	4.347680e-09
3.760000e-01	4.237451e-09
3.770000e-01	4.127992e-09
3.780000e-01	4.019329e-09
3.790000e-01	3.911492e-09
3.800000e-01	3.804499e-09
3.810000e-01	3.698374e-09
3.820000e-01	3.593140e-09
3.830000e-01	3.488829e-09
3.840000e-01	3.385458e-09
3.850000e-01	3.283059e-09
3.860000e-01	3.181648e-09
3.870000e-01	3.081257e-09
3.880000e-01	2.981918e-09
3.890000e-01	2.883647e-09
3.900000e-01	2.786476e-09
3.910000e-01	2.690430e-09
3.920000e-01	2.595532e-09
3.930000e-01	2.501822e-09
3.940000e-01	2.409310e-09
3.950000e-01	2.318042e-09
3.960000e-01	2.228035e-09
3.970000e-01	2.139322e-09
3.980000e-01	2.051925e-09
3.990000e-01	1.965878e-09
4.000000e-01	1.881220e-09
4.010000e-01	1.797967e-09
4.020000e-01	1.716152e-09
4.030000e-01	1.635807e-09
4.040000e-01	1.556956e-09
4.050000e-01	1.479647e-09
4.060000e-01	1.403895e-09
4.070000e-01	1.329734e-09
4.080000e-01	1.257204e-09
4.090000e-01	1.186328e-09
4.100000e-01	1.117146e-09
4.110000e-01	1.049683e-09
4.120000e-01	9.839709e-10
4.130000e-01	9.200498e-10
4.140000e-01	8.579598e-10
4.150000e-01	7.977154e-10
4.160000e-01	7.393648e-10
4.170000e-01	6.829384e-10
4.180000e-01	6.284710e-10
4.190000e-01	5.759985e-10
4.200000e-01	5.255563e-10
4.210000e-01	4.771781e-10
4.220000e-01	4.309026e-10
4.230000e-01	3.867642e-10
4.240000e-01	3.447998e-10
4.250000e-01	3.050473e-10
4.260000e-01	2.675427e-10
4.270000e-01	2.323238e-10
4.280000e-01	1.994292e-10
4.290000e-01	1.688958e-10
4.300000e-01	1.407630e-10
4.310000e-01	1.150685e-10
4.320000e-01	9.185238e-11
4.330000e-01	7.115267e-11
4.340000e-01	5.300948e-11
4.350000e-01	3.746224e-11
4.360000e-01	2.455072e-11
4.370000e-01	1.431483e-11
4.380000e-01	6.794416e-12
4.390000e-01	2.028931e-12
4.400000e-01	5.641917e-14
4.402000e-01	0.000000e+00
