0	0.00426012	0.00010792
0.1	0.00424602	0.000107545
0.2	0.00423152	0.000107183
0.3	0.00421661	0.000106837
0.4	0.00420243	0.000106504
0.5	0.00418902	0.000106186
0.6	0.00417635	0.000105881
0.7	0.00416437	0.000105591
0.8	0.00415304	0.000105316
0.9	0.00414234	0.000105054
1	0.00413225	0.000104807
1.5	0.00409066	0.000103784
2	0.00406334	0.000103116
2.5	0.00405002	0.000102804
3	0.00405059	0.000102848
3.5	0.00404772	0.000102803
4	0.00404717	0.000102816
4.5	0.00404606	0.000102815
5	0.00404535	0.000102824
5.5	0.00404439	0.000102827
6	0.00404339	0.000102828
6.5	0.00404224	0.000102825
7	0.00404098	0.000102819
7.5	0.00403959	0.00010281
8	0.00403808	0.000102797
8.5	0.00403648	0.000102782
9	0.00403479	0.000102764
9.5	0.00403302	0.000102744
10	0.00403117	0.000102722
11	0.00402731	0.000102673
12	0.00402325	0.000102617
13	0.00401903	0.000102557
14	0.00401469	0.000102492
15	0.00401023	0.000102424
16	0.00400571	0.000102353
17	0.00400109	0.000102278
18	0.00399641	0.000102201
19	0.00399169	0.000102121
20	0.00398692	0.00010204
21	0.0039821	0.000101956
22	0.00397723	0.000101869
23	0.00397234	0.000101781
24	0.00396742	0.000101691
25	0.00396247	0.0001016
26	0.00395749	0.000101506
27	0.00395248	0.00010141
28	0.00394746	0.000101313
29	0.00394241	0.000101214
30	0.00393736	0.000101113
31	0.00393228	0.000101011
32	0.00392719	0.000100908
33	0.00392209	0.000100802
34	0.00391697	0.000100695
35	0.00391185	0.000100587
36	0.00390673	0.000100477
37	0.00390158	0.000100366
38	0.00389644	0.000100253
39	0.0038913	0.000100139
40	0.00388615	0.000100024
41	0.003881	0.0000999067
42	0.00387586	0.0000997883
43	0.0038707	0.0000996686
44	0.00386552	0.0000995477
45	0.00386029	0.0000994256
46	0.00385501	0.0000993022
47	0.00384966	0.0000991772
48	0.00384427	0.000099051
49	0.00383884	0.0000989236
50	0.00383337	0.0000987953
51	0.00382783	0.0000986654
52	0.00382224	0.0000985342
53	0.00381662	0.0000984019
54	0.00381094	0.0000982683
55	0.00380521	0.0000981335
56	0.00379946	0.0000979979
57	0.00379364	0.0000978607
58	0.00378778	0.0000977226
59	0.00378187	0.0000975829
60	0.00377592	0.0000974424
61	0.00376992	0.0000973006
62	0.00376389	0.000097158
63	0.0037578	0.0000970138
64	0.00375166	0.0000968688
65	0.0037455	0.0000967226
66	0.00373928	0.0000965751
67	0.00373302	0.0000964264
68	0.00372671	0.0000962769
69	0.00372036	0.0000961261
70	0.00371397	0.0000959742
71	0.00370754	0.000095821
72	0.00370106	0.000095667
73	0.00369455	0.0000955122
74	0.00368799	0.0000953558
75	0.00368139	0.0000951985
76	0.00367474	0.00009504
77	0.00366806	0.0000948807
78	0.00366133	0.0000947202
79	0.00365456	0.0000945585
80	0.00364775	0.0000943959
81	0.00364091	0.0000942321
82	0.00363401	0.0000940671
83	0.00362708	0.0000939013
84	0.00362011	0.0000937346
85	0.0036131	0.0000935664
86	0.00360605	0.0000933977
87	0.00359895	0.0000932274
88	0.00359181	0.0000930563
89	0.00358465	0.0000928844
90	0.00357744	0.0000927112
91	0.00357019	0.0000925373
92	0.0035629	0.0000923621
93	0.00355556	0.0000921857
94	0.00354819	0.0000920085
95	0.00354079	0.0000918304
96	0.00353334	0.0000916512
97	0.00352585	0.0000914707
98	0.00351833	0.0000912894
99	0.00351077	0.0000911073
100	0.00350317	0.000090924
101	0.00349553	0.0000907399
102	0.00348785	0.0000905545
103	0.00348014	0.0000903683
104	0.00347238	0.000090181
105	0.0034646	0.0000899928
106	0.00345676	0.0000898034
107	0.00344891	0.0000896135
108	0.003441	0.0000894221
109	0.00343307	0.0000892303
110	0.00342508	0.0000890368
111	0.00341707	0.0000888429
112	0.00340902	0.0000886478
113	0.00340094	0.0000884519
114	0.00339281	0.0000882548
115	0.00338466	0.0000880573
116	0.00337646	0.0000878581
117	0.00336824	0.0000876585
118	0.00335997	0.0000874578
119	0.00335167	0.0000872562
120	0.00334333	0.0000870534
121	0.00333496	0.0000868498
122	0.00332656	0.0000866454
123	0.00331812	0.0000864401
124	0.00330964	0.0000862337
125	0.00330113	0.0000860264
126	0.00329259	0.0000858184
127	0.00328401	0.0000856095
128	0.0032754	0.0000853994
129	0.00326675	0.0000851885
130	0.00325807	0.0000849768
131	0.00324936	0.0000847643
132	0.00324061	0.0000845506
133	0.00323183	0.0000843365
134	0.00322302	0.0000841211
135	0.00321417	0.000083905
136	0.0032053	0.000083688
137	0.00319638	0.0000834699
138	0.00318744	0.0000832513
139	0.00317846	0.0000830315
140	0.00316946	0.000082811
141	0.00316042	0.0000825896
142	0.00315135	0.0000823674
143	0.00314224	0.0000821444
144	0.00313311	0.0000819205
145	0.00312395	0.0000816959
146	0.00311475	0.0000814701
147	0.00310553	0.0000812439
148	0.00309627	0.0000810168
149	0.00308698	0.0000807886
150	0.00307767	0.0000805599
151	0.00306831	0.0000803301
152	0.00305894	0.0000800998
153	0.00304953	0.0000798684
154	0.0030401	0.0000796365
155	0.00303063	0.0000794038
156	0.00302113	0.0000791699
157	0.00301161	0.0000789357
158	0.00300206	0.0000787006
159	0.00299247	0.0000784643
160	0.00298286	0.0000782276
161	0.00297323	0.0000779901
162	0.00296357	0.0000777522
163	0.00295388	0.0000775131
164	0.00294415	0.0000772732
165	0.00293441	0.0000770329
166	0.00292464	0.0000767918
167	0.00291483	0.0000765495
168	0.00290501	0.0000763072
169	0.00289516	0.0000760637
170	0.00288527	0.0000758194
171	0.00287537	0.0000755747
172	0.00286544	0.0000753292
173	0.00285548	0.0000750829
174	0.00284551	0.0000748362
175	0.0028355	0.0000745883
176	0.00282546	0.00007434
177	0.00281542	0.0000740913
178	0.00280533	0.0000738414
179	0.00279522	0.0000735911
180	0.0027851	0.0000733404
181	0.00277494	0.0000730885
182	0.00276477	0.0000728362
183	0.00275457	0.0000725836
184	0.00274435	0.0000723301
185	0.0027341	0.0000720758
186	0.00272383	0.0000718207
187	0.00271354	0.0000715653
188	0.00270323	0.0000713094
189	0.00269289	0.0000710528
190	0.00268253	0.0000707953
191	0.00267215	0.0000705375
192	0.00266176	0.0000702792
193	0.00265133	0.0000700202
194	0.00264089	0.0000697604
195	0.00263042	0.0000695001
196	0.00261995	0.0000692395
197	0.00260944	0.0000689781
198	0.00259892	0.0000687163
199	0.00258838	0.0000684537
200	0.00257781	0.0000681908
201	0.00256724	0.0000679274
202	0.00255663	0.0000676632
203	0.00254602	0.0000673987
204	0.00253539	0.0000671337
205	0.00252473	0.000066868
206	0.00251406	0.0000666019
207	0.00250337	0.0000663353
208	0.00249266	0.000066068
209	0.00248195	0.0000658007
210	0.00247121	0.0000655327
211	0.00246044	0.0000652638
212	0.00244967	0.0000649949
213	0.00243888	0.0000647253
214	0.00242809	0.0000644557
215	0.00241727	0.0000641853
216	0.00240644	0.0000639145
217	0.00239559	0.0000636433
218	0.00238473	0.0000633717
219	0.00237385	0.0000630993
220	0.00236296	0.000062827
221	0.00235205	0.0000625539
222	0.00234114	0.0000622808
223	0.00233021	0.0000620069
224	0.00231927	0.000061733
225	0.00230831	0.0000614583
226	0.00229735	0.0000611837
227	0.00228638	0.0000609086
228	0.00227538	0.0000606328
229	0.00226438	0.000060357
230	0.00225337	0.0000600808
231	0.00224235	0.0000598043
232	0.00223131	0.0000595273
233	0.00222027	0.00005925
234	0.00220921	0.0000589723
235	0.00219815	0.0000586946
236	0.00218707	0.0000584165
237	0.00217599	0.0000581381
238	0.0021649	0.0000578593
239	0.00215379	0.0000575801
240	0.00214268	0.0000573009
241	0.00213156	0.0000570213
242	0.00212043	0.0000567414
243	0.0021093	0.0000564615
244	0.00209816	0.0000561812
245	0.00208701	0.0000559005
246	0.00207586	0.0000556198
247	0.0020647	0.0000553388
248	0.00205354	0.0000550578
249	0.00204236	0.000054776
250	0.00203119	0.0000544947
251	0.00202001	0.0000542129
252	0.00200882	0.0000539308
253	0.00199763	0.0000536487
254	0.00198643	0.0000533663
255	0.00197523	0.0000530838
256	0.00196403	0.0000528014
257	0.00195283	0.0000525187
258	0.00194161	0.0000522355
259	0.0019304	0.0000519524
260	0.00191919	0.0000516693
261	0.00190798	0.0000513862
262	0.00189676	0.0000511028
263	0.00188555	0.0000508194
264	0.00187432	0.0000505356
265	0.00186311	0.0000502522
266	0.00185189	0.0000499685
267	0.00184067	0.0000496844
268	0.00182945	0.0000494008
269	0.00181823	0.0000491167
270	0.00180703	0.0000488331
271	0.00179581	0.0000485492
272	0.0017846	0.0000482652
273	0.00177338	0.0000479809
274	0.00176218	0.0000476971
275	0.00175098	0.0000474132
276	0.00173977	0.000047129
277	0.00172858	0.0000468452
278	0.00171738	0.0000465611
279	0.0017062	0.0000462774
280	0.00169501	0.0000459933
281	0.00168383	0.0000457097
282	0.00167266	0.0000454261
283	0.00166149	0.0000451421
284	0.00165032	0.0000448586
285	0.00163917	0.0000445751
286	0.00162802	0.0000442917
287	0.00161687	0.0000440082
288	0.00160575	0.0000437253
289	0.00159461	0.0000434419
290	0.00158349	0.000043159
291	0.00157238	0.0000428761
292	0.00156128	0.0000425933
293	0.00155019	0.0000423109
294	0.00153911	0.0000420286
295	0.00152803	0.0000417463
296	0.00151697	0.0000414644
297	0.00150592	0.0000411826
298	0.00149488	0.0000409008
299	0.00148385	0.0000406193
300	0.00147283	0.0000403381
301	0.00146182	0.0000400571
302	0.00145083	0.0000397764
303	0.00143985	0.0000394958
304	0.00142888	0.0000392155
305	0.00141792	0.0000389355
306	0.00140698	0.0000386557
307	0.00139606	0.0000383763
308	0.00138515	0.000038097
309	0.00137425	0.0000378181
310	0.00136337	0.0000375395
311	0.0013525	0.0000372612
312	0.00134166	0.0000369833
313	0.00133082	0.0000367056
314	0.00132001	0.0000364283
315	0.00130921	0.0000361513
316	0.00129843	0.0000358748
317	0.00128767	0.0000355985
318	0.00127692	0.0000353227
319	0.0012662	0.0000350472
320	0.00125549	0.0000347721
321	0.0012448	0.0000344974
322	0.00123414	0.0000342232
323	0.00122349	0.0000339494
324	0.00121287	0.000033676
325	0.00120226	0.000033403
326	0.00119168	0.0000331304
327	0.00118112	0.0000328584
328	0.00117058	0.0000325868
329	0.00116007	0.0000323157
330	0.00114957	0.0000320451
331	0.0011391	0.000031775
332	0.00112866	0.0000315053
333	0.00111824	0.0000312362
334	0.00110784	0.0000309676
335	0.00109747	0.0000306996
336	0.00108712	0.0000304321
337	0.0010768	0.0000301651
338	0.00106651	0.0000298988
339	0.00105624	0.000029633
340	0.001046	0.0000293677
341	0.00103579	0.0000291031
342	0.0010256	0.000028839
343	0.00101545	0.0000285756
344	0.00100532	0.0000283129
345	0.000995221	0.0000280507
346	0.000985152	0.0000277892
347	0.000975111	0.0000275283
348	0.000965103	0.0000272681
349	0.000955125	0.0000270085
350	0.000945177	0.0000267497
351	0.000935261	0.0000264915
352	0.000925377	0.000026234
353	0.000915525	0.0000259772
354	0.000905706	0.0000257212
355	0.00089592	0.0000254658
356	0.000886168	0.0000252113
357	0.00087645	0.0000249574
358	0.000866766	0.0000247044
359	0.000857116	0.000024452
360	0.000847503	0.0000242005
361	0.000837925	0.0000239498
362	0.000828383	0.0000236998
363	0.000818878	0.0000234507
364	0.00080941	0.0000232024
365	0.000799979	0.0000229549
366	0.000790585	0.0000227083
367	0.00078123	0.0000224625
368	0.000771913	0.0000222176
369	0.000762636	0.0000219735
370	0.000753397	0.0000217303
371	0.0007442	0.000021488
372	0.000735042	0.0000212466
373	0.000725924	0.0000210061
374	0.000716849	0.0000207665
375	0.000707813	0.0000205279
376	0.000698822	0.0000202902
377	0.000689872	0.0000200534
378	0.000680965	0.0000198176
379	0.000672102	0.0000195828
380	0.000663282	0.000019349
381	0.000654506	0.0000191161
382	0.000645775	0.0000188843
383	0.000637089	0.0000186535
384	0.000628449	0.0000184237
385	0.000619854	0.0000181949
386	0.000611306	0.0000179671
387	0.000602805	0.0000177405
388	0.000594351	0.0000175148
389	0.000585944	0.0000172903
390	0.000577585	0.0000170668
391	0.000569276	0.0000168444
392	0.000561016	0.0000166232
393	0.000552804	0.000016403
394	0.000544642	0.000016184
395	0.000536532	0.0000159661
396	0.000528471	0.0000157493
397	0.000520462	0.0000155337
398	0.000512505	0.0000153193
399	0.000504599	0.000015106
400	0.000496747	0.000014894
401	0.000488947	0.0000146831
402	0.000481201	0.0000144734
403	0.000473509	0.000014265
404	0.000465871	0.0000140577
405	0.000458288	0.0000138518
406	0.00045076	0.000013647
407	0.000443288	0.0000134435
408	0.000435872	0.0000132413
409	0.000428513	0.0000130404
410	0.000421212	0.0000128408
411	0.000413968	0.0000126425
412	0.000406781	0.0000124454
413	0.000399653	0.0000122497
414	0.000392584	0.0000120553
415	0.000385574	0.0000118622
416	0.000378625	0.0000116706
417	0.000371736	0.0000114802
418	0.000364907	0.0000112913
419	0.000358141	0.0000111037
420	0.000351435	0.0000109175
421	0.000344792	0.0000107327
422	0.000338212	0.0000105493
423	0.000331694	0.0000103674
424	0.000325241	0.000010187
425	0.000318851	0.0000100081
426	0.000312526	0.00000983058
427	0.000306266	0.00000965454
428	0.000300071	0.00000947996
429	0.000293942	0.0000093069
430	0.00028788	0.00000913533
431	0.000281885	0.00000896525
432	0.000275957	0.00000879669
433	0.000270097	0.00000862965
434	0.000264305	0.00000846414
435	0.000258582	0.00000830018
436	0.000252929	0.00000813778
437	0.000247345	0.00000797694
438	0.000241831	0.00000781765
439	0.000236388	0.00000765995
440	0.000231016	0.00000750385
441	0.000225716	0.00000734937
442	0.000220489	0.00000719648
443	0.000215333	0.00000704518
444	0.000210251	0.00000689554
445	0.000205243	0.00000674755
446	0.000200308	0.00000660119
447	0.000195448	0.00000645648
448	0.000190663	0.00000631342
449	0.000185954	0.00000617205
450	0.00018132	0.00000603233
451	0.000176763	0.00000589433
452	0.000172283	0.00000575801
453	0.000167881	0.00000562341
454	0.000163556	0.00000549048
455	0.000159309	0.00000535931
456	0.000155143	0.00000522988
457	0.000151054	0.00000510215
458	0.000147047	0.00000497621
459	0.000143119	0.00000485199
460	0.000139272	0.00000472954
461	0.000135507	0.00000460887
462	0.000131812	0.00000448996
463	0.000128167	0.00000437282
464	0.000124572	0.00000425744
465	0.000121026	0.00000414383
466	0.000117531	0.00000403199
467	0.000114086	0.00000392191
468	0.000110691	0.00000381361
469	0.000107348	0.00000370709
470	0.000104056	0.00000360234
471	0.000100816	0.00000349937
472	0.0000976279	0.00000339817
473	0.0000944922	0.00000329874
474	0.000091409	0.00000320109
475	0.0000883788	0.0000031052
476	0.000085402	0.00000301108
477	0.0000824788	0.00000291872
478	0.0000796096	0.0000028281
479	0.0000767946	0.00000273923
480	0.0000740344	0.0000026521
481	0.0000713291	0.00000256668
482	0.000068679	0.00000248299
483	0.0000660845	0.00000240099
484	0.000063546	0.00000232068
485	0.0000610639	0.00000224205
486	0.0000586382	0.00000216506
487	0.0000562695	0.00000208971
488	0.0000539581	0.00000201597
489	0.0000517042	0.00000194382
490	0.0000495083	0.00000187324
491	0.0000473705	0.00000180421
492	0.0000452915	0.0000017367
493	0.0000432713	0.00000167067
494	0.0000413103	0.00000160611
495	0.000039409	0.00000154298
496	0.0000375674	0.00000148125
497	0.0000357863	0.00000142089
498	0.0000340655	0.00000136187
499	0.0000324058	0.00000130416
500	0.0000308072	0.00000124774
501	0.0000292703	0.00000119257
502	0.0000277952	0.00000113864
503	0.0000263823	0.00000108592
504	0.0000250321	0.00000103441
505	0.0000237446	0.000000984093
506	0.0000225205	0.000000934992
507	0.0000213599	0.000000887122
508	0.0000202631	0.000000840529
509	0.0000192307	0.00000079528
510	0.0000182627	0.00000075147
511	0.0000173596	0.000000709239
512	0.0000165216	0.000000668771
513	0.0000157492	0.000000630321
514	0.0000150427	0.000000594211
515	0.0000144022	0.000000560854
516	0.0000138283	0.000000530764
517	0.000013321	0.000000504553
518	0.0000128808	0.000000482918
519	0.0000124965	0.000000466588
520	0.0000121225	0.000000453527
521	0.0000117538	0.000000440653
522	0.0000113905	0.000000427965
523	0.0000110325	0.000000415465
524	0.00001068	0.000000403153
525	0.000010333	0.000000391031
526	0.00000999141	0.000000379099
527	0.00000965537	0.000000367358
528	0.00000932487	0.000000355808
529	0.00000899997	0.000000344452
530	0.00000868068	0.000000333288
531	0.00000836705	0.000000322319
532	0.00000805909	0.000000311543
533	0.00000775685	0.000000300963
534	0.00000746036	0.000000290579
535	0.00000716964	0.00000028039
536	0.00000688474	0.000000270398
537	0.00000660569	0.000000260604
538	0.00000633251	0.000000251006
539	0.00000606524	0.000000241606
540	0.00000580392	0.000000232404
541	0.00000554857	0.000000223399
542	0.00000529923	0.000000214593
543	0.00000505593	0.000000205984
544	0.00000481869	0.000000197572
545	0.00000458757	0.000000189358
546	0.00000436259	0.000000181341
547	0.00000414378	0.00000017352
548	0.00000393116	0.000000165894
549	0.00000372479	0.000000158463
550	0.00000352469	0.000000151226
551	0.00000333089	0.000000144181
552	0.00000314342	0.000000137328
553	0.00000296233	0.000000130664
554	0.00000278764	0.000000124188
555	0.00000261937	0.000000117898
556	0.00000245758	0.000000111791
557	0.00000230228	0.000000105865
558	0.00000215351	0.000000100118
559	0.00000201131	0.0000000945472
560	0.0000018757	0.0000000891481
561	0.00000174673	0.0000000839194
562	0.00000162441	0.0000000788564
563	0.0000015088	0.0000000739571
564	0.00000139989	0.0000000692172
565	0.00000129775	0.0000000646345
566	0.00000120239	0.0000000602065
567	0.00000111385	0.0000000559321
568	0.0000010312	0.00000005181
569	0.000000951776	0.0000000478412
570	0.000000875415	0.0000000440256
571	0.000000802133	0.0000000403641
572	0.000000731947	0.0000000368573
573	0.00000066487	0.0000000335062
574	0.00000060092	0.0000000303114
575	0.000000540111	0.0000000272738
576	0.000000482458	0.0000000243941
577	0.000000427977	0.0000000216731
578	0.000000376684	0.0000000191117
579	0.000000328592	0.0000000167105
580	0.000000283719	0.0000000144705
581	0.000000242079	0.0000000123923
582	0.000000203687	0.0000000104768
583	0.000000168558	0.00000000872488
584	0.000000136708	0.00000000713728
585	0.000000108152	0.00000000571489
586	0.0000000829036	0.00000000445849
587	0.0000000609787	0.00000000336894
588	0.0000000423915	0.00000000244685
589	0.0000000271563	0.0000000016923
590	0.0000000152872	0.00000000110343
591	0.00000000679727	0.000000000672059
592	0.00000000169869	0.000000000371882
593	0	0
